2   0.0125
3   0.01875
4   0.025
5   0.03125
6   0.0375
7   0.04375
8   0.05
9   0.05625
10   0.0625
11   0.06875
12   0.075
13   0.08125
14   0.0875
15   0.09375
16   0.1
17   0.10625
18   0.1125
19   0.11875
20   0.125
21   0.13125
22   0.1375
23   0.14375
24   0.15
25   0.15625
26   0.1625
27   0.16875
28   0.175
29   0.18125
30   0.1875
31   0.19375
32   0.2
33   0.20625
34   0.2125
35   0.21875
36   0.225
37   0.23125
38   0.2375
39   0.24375
40   0.25
41   0.25625
42   0.2625
43   0.26875
44   0.275
45   0.28125
46   0.2875
47   0.29375
48   0.3
49   0.30625
50   0.3125
51   0.31875
52   0.325
53   0.33125
54   0.3375
55   0.34375
56   0.35
57   0.35625
58   0.3625
59   0.36875
60   0.375
61   0.38125
62   0.3875
63   0.39375
64   0.4
65   0.40625
66   0.4125
67   0.41875
68   0.425
69   0.43125
70   0.4375
71   0.44375
72   0.45
73   0.45625
74   0.4625
75   0.46875
76   0.475
77   0.48125
78   0.4875
79   0.49375
80   0.5
81   0.50625
82   0.5125
83   0.51875
84   0.525
85   0.53125
86   0.5375
87   0.54375
88   0.55
89   0.55625
90   0.5625
91   0.56875
92   0.575
93   0.58125
94   0.5875
95   0.59375
96   0.6
97   0.60625
98   0.6125
99   0.61875
100   0.625
101   0.63125
102   0.6375
103   0.64375
104   0.65
105   0.65625
106   0.6625
107   0.66875
108   0.675
109   0.68125
110   0.6875
111   0.69375
112   0.7
113   0.70625
114   0.7125
115   0.71875
116   0.725
117   0.73125
118   0.7375
119   0.74375
120   0.75
121   0.75625
122   0.7625
123   0.76875
124   0.775
125   0.78125
126   0.7875
127   0.79375
128   0.8
129   0.80625
130   0.8125
131   0.81875
132   0.825
133   0.83125
134   0.8375
135   0.84375
136   0.85
137   0.85625
138   0.8625
139   0.86875
140   0.875
141   0.88125
142   0.8875
143   0.89375
144   0.9
145   0.90625
146   0.9125
147   0.91875
148   0.925
149   0.93125
150   0.9375
151   0.94375
152   0.95
153   0.95625
154   0.9625
155   0.96875
156   0.975
157   0.98125
158   0.9875
159   0.99375
160   0.987131
161   0.959799
162   0.929648
163   0.904523
164   0.879397
165   0.854271
166   0.829146
167   0.80402
168   0.778894
169   0.753769
170   0.728643
171   0.703518
172   0.678392
173   0.653266
174   0.628141
175   0.603015
176   0.577889
177   0.552764
178   0.527638
179   0.502513
180   0.477387
181   0.452261
182   0.427136
183   0.40201
184   0.376884
185   0.351759
186   0.326633
187   0.301507
188   0.276382
189   0.251256
190   0.226131
191   0.201005
192   0.175879
193   0.150754
194   0.125628
195   0.100502
196   0.0753769
197   0.0502513
