2   0.0125
3   0.01875
4   0.025
5   0.03125
6   0.0375
7   0.04375
8   0.0499998
9   0.0562493
10   0.0624978
11   0.068743
12   0.0749788
13   0.0811895
14   0.0873371
15   0.0933372
16   0.0990166
17   0.104052
18   0.107899
19   0.109758
20   0.108634
21   0.103586
22   0.094187
23   0.0810647
24   0.0661642
25   0.0523045
26   0.0418662
27   0.0351912
28   0.0299735
29   0.0227015
30   0.0115925
31   -0.00150349
32   -0.0126634
33   -0.0200715
34   -0.0263325
35   -0.0355028
36   -0.0478024
37   -0.0590974
38   -0.0667168
39   -0.0735857
40   -0.0838126
41   -0.0959672
42   -0.105339
43   -0.112146
44   -0.12127
45   -0.13322
46   -0.143054
47   -0.150057
48   -0.159267
49   -0.171088
50   -0.180364
51   -0.187525
52   -0.197695
53   -0.209124
54   -0.217175
55   -0.225208
56   -0.236588
57   -0.246491
58   -0.253807
59   -0.26394
60   -0.27504
61   -0.282778
62   -0.291705
63   -0.303149
64   -0.31164
65   -0.319836
66   -0.331173
67   -0.340267
68   -0.348146
69   -0.359291
70   -0.368696
71   -0.376499
72   -0.38755
73   -0.396977
74   -0.404852
75   -0.415941
76   -0.425128
77   -0.43323
78   -0.444417
79   -0.453147
80   -0.461708
81   -0.472887
82   -0.481056
83   -0.49037
84   -0.501204
85   -0.508967
86   -0.51923
87   -0.529208
88   -0.537113
89   -0.54812
90   -0.556883
91   -0.56574
92   -0.576663
93   -0.584495
94   -0.59467
95   -0.604083
96   -0.611445
97   -0.620673
98   -0.6252
99   -0.628334
100   -0.627809
101   -0.620544
102   -0.612281
103   -0.599492
104   -0.589309
105   -0.583187
106   -0.578777
107   -0.578142
108   -0.571936
109   -0.563879
110   -0.554311
111   -0.546585
112   -0.544585
113   -0.539308
114   -0.533176
115   -0.523161
116   -0.516607
117   -0.513709
118   -0.507646
119   -0.50063
120   -0.491071
121   -0.487868
122   -0.482789
123   -0.475242
124   -0.467315
125   -0.461848
126   -0.458558
127   -0.449139
128   -0.442951
129   -0.437345
130   -0.43305
131   -0.42381
132   -0.417917
133   -0.413857
134   -0.406253
135   -0.399136
136   -0.393563
137   -0.389227
138   -0.379497
139   -0.375385
140   -0.369274
141   -0.3626
142   -0.354913
143   -0.351599
144   -0.343204
145   -0.336833
146   -0.332065
147   -0.325088
148   -0.317804
149   -0.313307
150   -0.306463
151   -0.298836
152   -0.294983
153   -0.287037
154   -0.280869
155   -0.275544
156   -0.268846
157   -0.261499
158   -0.257718
159   -0.248818
160   -0.244153
161   -0.237783
162   -0.230839
163   -0.224932
164   -0.219549
165   -0.211203
166   -0.207507
167   -0.199283
168   -0.193742
169   -0.188032
170   -0.180634
171   -0.175275
172   -0.169007
173   -0.161826
174   -0.156996
175   -0.14958
176   -0.143572
177   -0.13832
178   -0.129971
179   -0.12642
180   -0.117516
181   -0.113327
182   -0.105886
183   -0.100002
184   -0.0939122
185   -0.0873873
186   -0.0811604
187   -0.0753383
188   -0.068229
189   -0.0630533
190   -0.0558485
191   -0.050087
192   -0.0440732
193   -0.0367633
194   -0.0323095
195   -0.0237833
196   -0.0199186
197   -0.0115831
