2   0.012044
3   0.0205523
4   0.0258671
5   0.0298417
6   0.0365403
7   0.0444139
8   0.0507846
9   0.0566479
10   0.0618449
11   0.0678448
12   0.0750881
13   0.0815488
14   0.089263
15   0.0942161
16   0.0961096
17   0.105732
18   0.116175
19   0.119616
20   0.124312
21   0.129179
22   0.135487
23   0.145445
24   0.151819
25   0.158032
26   0.163234
27   0.164573
28   0.171567
29   0.182224
30   0.190433
31   0.196955
32   0.202707
33   0.20666
34   0.206592
35   0.212217
36   0.223075
37   0.229769
38   0.24158
39   0.254802
40   0.260313
41   0.264514
42   0.267415
43   0.26569
44   0.258813
45   0.253602
46   0.248206
47   0.236167
48   0.228407
49   0.221242
50   0.209617
51   0.200568
52   0.191764
53   0.182779
54   0.172188
55   0.162822
56   0.154504
57   0.144249
58   0.135206
59   0.124411
60   0.116818
61   0.107848
62   0.0950286
63   0.0882327
64   0.0797179
65   0.0682572
66   0.0582647
67   0.0507921
68   0.0415422
69   0.0301282
70   0.0216231
71   0.0117445
72   0.00435312
73   -0.00656699
74   -0.0183633
75   -0.0242037
76   -0.0339457
77   -0.0446908
78   -0.0549933
79   -0.0633178
80   -0.0716357
81   -0.0811864
82   -0.0928685
83   -0.102679
84   -0.108276
85   -0.1195
86   -0.129227
87   -0.140278
88   -0.149275
89   -0.155246
90   -0.166248
91   -0.17731
92   -0.187752
93   -0.19571
94   -0.20341
95   -0.21184
96   -0.225016
97   -0.23496
98   -0.243736
99   -0.251543
100   -0.257807
101   -0.270693
102   -0.28119
103   -0.292835
104   -0.300936
105   -0.307016
106   -0.314809
107   -0.32508
108   -0.336807
109   -0.350067
110   -0.359987
111   -0.367264
112   -0.37422
113   -0.378315
114   -0.388616
115   -0.397835
116   -0.412524
117   -0.426731
118   -0.440139
119   -0.452314
120   -0.460169
121   -0.465291
122   -0.467521
123   -0.466155
124   -0.464062
125   -0.459831
126   -0.454334
127   -0.450061
128   -0.442343
129   -0.438391
130   -0.430261
131   -0.425578
132   -0.418456
133   -0.412493
134   -0.406399
135   -0.399855
136   -0.393745
137   -0.387735
138   -0.380779
139   -0.375637
140   -0.368069
141   -0.363083
142   -0.355889
143   -0.350063
144   -0.343998
145   -0.336991
146   -0.331921
147   -0.32429
148   -0.31938
149   -0.312043
150   -0.306486
151   -0.29998
152   -0.293605
153   -0.287726
154   -0.281041
155   -0.275096
156   -0.268839
157   -0.262187
158   -0.256788
159   -0.249274
160   -0.244601
161   -0.236605
162   -0.232104
163   -0.224262
164   -0.219317
165   -0.212135
166   -0.20641
167   -0.200021
168   -0.193592
169   -0.187739
170   -0.180993
171   -0.175217
172   -0.168621
173   -0.162508
174   -0.156379
175   -0.149738
176   -0.144125
177   -0.137046
178   -0.131739
179   -0.124524
180   -0.119164
181   -0.112193
182   -0.106414
183   -0.100006
184   -0.0935596
185   -0.0878782
186   -0.0806927
187   -0.0757174
188   -0.0679001
189   -0.0634482
190   -0.055242
191   -0.051027
192   -0.0427449
193   -0.038444
194   -0.0304034
195   -0.0257176
196   -0.0181879
197   -0.0128863
