2   0.0121404
3   0.0192868
4   0.0243793
5   0.0317484
6   0.0373925
7   0.0432789
8   0.0509879
9   0.0551208
10   0.0632209
11   0.0688512
12   0.0740878
13   0.0824952
14   0.0865828
15   0.0939319
16   0.100444
17   0.105676
18   0.112762
19   0.118802
20   0.125052
21   0.13069
22   0.138479
23   0.143
24   0.149792
25   0.157572
26   0.160729
27   0.169912
28   0.175106
29   0.180106
30   0.188798
31   0.193091
32   0.199901
33   0.206626
34   0.212342
35   0.21865
36   0.225053
37   0.231399
38   0.237404
39   0.243453
40   0.25056
41   0.256106
42   0.261635
43   0.270385
44   0.273668
45   0.281258
46   0.288842
47   0.292053
48   0.300991
49   0.306165
50   0.312282
51   0.318753
52   0.325041
53   0.331647
54   0.336701
55   0.344268
56   0.350261
57   0.355645
58   0.362483
59   0.369702
60   0.373948
61   0.38135
62   0.388337
63   0.39305
64   0.399783
65   0.406884
66   0.412564
67   0.417704
68   0.426183
69   0.430708
70   0.437638
71   0.44342
72   0.450249
73   0.457018
74   0.460653
75   0.47029
76   0.47506
77   0.480085
78   0.488104
79   0.494364
80   0.499201
81   0.50623
82   0.512872
83   0.518966
84   0.524477
85   0.53107
86   0.53825
87   0.543657
88   0.549287
89   0.556182
90   0.564312
91   0.566627
92   0.575505
93   0.582056
94   0.587111
95   0.593448
96   0.599756
97   0.607188
98   0.612126
99   0.618473
100   0.624419
101   0.632816
102   0.637023
103   0.642346
104   0.651089
105   0.65712
106   0.661195
107   0.668814
108   0.675131
109   0.682102
110   0.686871
111   0.693366
112   0.699695
113   0.707828
114   0.712181
115   0.716771
116   0.72647
117   0.731761
118   0.737421
119   0.742273
120   0.750903
121   0.756249
122   0.763464
123   0.767797
124   0.773746
125   0.78234
126   0.7888
127   0.792233
128   0.798284
129   0.806029
130   0.812057
131   0.81555
132   0.820242
133   0.821777
134   0.826148
135   0.826634
136   0.823061
137   0.814808
138   0.808749
139   0.799539
140   0.785432
141   0.77086
142   0.755141
143   0.742938
144   0.733455
145   0.728632
146   0.71937
147   0.711802
148   0.705012
149   0.697985
150   0.686698
151   0.67445
152   0.661677
153   0.649118
154   0.642076
155   0.63855
156   0.632491
157   0.620827
158   0.607506
159   0.594977
160   0.583481
161   0.578145
162   0.573818
163   0.567226
164   0.552529
165   0.539955
166   0.527053
167   0.519266
168   0.512036
169   0.508958
170   0.49992
171   0.488043
172   0.47488
173   0.465239
174   0.454001
175   0.441688
176   0.431918
177   0.425567
178   0.421669
179   0.417006
180   0.41278
181   0.403352
182   0.390799
183   0.375415
184   0.361929
185   0.343296
186   0.320363
187   0.294913
188   0.27393
189   0.252011
190   0.226781
191   0.198648
192   0.174365
193   0.151896
194   0.127392
195   0.099545
196   0.0736044
197   0.0506362
