2   0.0125
3   0.01875
4   0.025
5   0.03125
6   0.0375
7   0.04375
8   0.0499998
9   0.0562494
10   0.0624981
11   0.068744
12   0.074982
13   0.0811984
14   0.0873609
15   0.0933967
16   0.0991561
17   0.104358
18   0.10853
19   0.110969
20   0.110794
21   0.107158
22   0.0996516
23   0.0887796
24   0.0762191
25   0.0644571
26   0.0556549
27   0.0502172
28   0.0461878
29   0.0404464
30   0.0312925
31   0.0202307
32   0.0107339
33   0.00456608
34   -0.000433822
35   -0.00791457
36   -0.0182786
37   -0.0279431
38   -0.0343596
39   -0.0399346
40   -0.0484207
41   -0.0587971
42   -0.0668507
43   -0.0724996
44   -0.0800532
45   -0.0902521
46   -0.0987637
47   -0.10465
48   -0.11233
49   -0.122483
50   -0.130552
51   -0.136579
52   -0.145165
53   -0.155098
54   -0.162099
55   -0.168859
56   -0.178644
57   -0.187352
58   -0.193626
59   -0.202269
60   -0.212016
61   -0.218796
62   -0.226404
63   -0.236418
64   -0.24395
65   -0.25098
66   -0.26088
67   -0.268999
68   -0.275814
69   -0.285552
70   -0.293986
71   -0.300787
72   -0.310471
73   -0.318961
74   -0.325859
75   -0.335625
76   -0.34394
77   -0.351054
78   -0.360977
79   -0.368914
80   -0.376442
81   -0.38645
82   -0.393894
83   -0.402105
84   -0.411914
85   -0.418967
86   -0.428072
87   -0.437218
88   -0.444335
89   -0.454215
90   -0.462319
91   -0.470236
92   -0.4802
93   -0.487426
94   -0.496562
95   -0.505323
96   -0.512052
97   -0.520553
98   -0.525042
99   -0.528094
100   -0.528223
101   -0.522182
102   -0.515233
103   -0.504305
104   -0.495305
105   -0.490136
106   -0.486334
107   -0.486087
108   -0.48111
109   -0.474227
110   -0.466135
111   -0.459298
112   -0.457787
113   -0.453515
114   -0.448419
115   -0.439941
116   -0.434111
117   -0.431914
118   -0.426868
119   -0.421058
120   -0.412786
121   -0.41003
122   -0.40604
123   -0.399608
124   -0.392918
125   -0.388113
126   -0.385671
127   -0.377675
128   -0.372338
129   -0.367637
130   -0.364156
131   -0.356415
132   -0.351174
133   -0.34804
134   -0.341583
135   -0.335587
136   -0.330745
137   -0.327398
138   -0.319028
139   -0.31552
140   -0.310518
141   -0.304901
142   -0.298309
143   -0.295588
144   -0.288676
145   -0.283036
146   -0.279244
147   -0.27333
148   -0.267181
149   -0.263321
150   -0.257822
151   -0.251076
152   -0.248081
153   -0.241322
154   -0.236123
155   -0.231599
156   -0.226166
157   -0.219678
158   -0.216795
159   -0.209144
160   -0.20525
161   -0.199916
162   -0.194128
163   -0.188973
164   -0.184747
165   -0.177417
166   -0.174536
167   -0.167524
168   -0.162872
169   -0.158068
170   -0.151934
171   -0.147223
172   -0.142252
173   -0.135897
174   -0.13209
175   -0.125718
176   -0.120684
177   -0.11633
178   -0.109234
179   -0.106283
180   -0.0988339
181   -0.0952159
182   -0.0890743
183   -0.0840508
184   -0.0789209
185   -0.0735582
186   -0.0680932
187   -0.0635017
188   -0.057201
189   -0.0531366
190   -0.0468787
191   -0.0421184
192   -0.0371049
193   -0.0308045
194   -0.0272969
195   -0.0198515
196   -0.0168761
197   -0.00963955
