2   0.00856503
3   0.014663
4   0.0181746
5   0.0207887
6   0.0252158
7   0.0313458
8   0.036016
9   0.0393454
10   0.0430737
11   0.0476628
12   0.0526866
13   0.0572461
14   0.0624595
15   0.0658337
16   0.067257
17   0.074061
18   0.0816361
19   0.0839459
20   0.0868431
21   0.0901171
22   0.0948667
23   0.102376
24   0.106467
25   0.110516
26   0.114437
27   0.114808
28   0.119798
29   0.128154
30   0.133764
31   0.138137
32   0.142093
33   0.144477
34   0.144071
35   0.148039
36   0.15633
37   0.161209
38   0.169784
39   0.179753
40   0.183185
41   0.185698
42   0.187366
43   0.185094
44   0.179113
45   0.174332
46   0.169575
47   0.159499
48   0.152747
49   0.146972
50   0.137013
51   0.129399
52   0.122375
53   0.114601
54   0.105763
55   0.0981259
56   0.091356
57   0.0825065
58   0.0750898
59   0.0666426
60   0.0598285
61   0.0525585
62   0.042252
63   0.036516
64   0.029566
65   0.0200497
66   0.0120805
67   0.00597302
68   -0.00160675
69   -0.0111067
70   -0.0177408
71   -0.0255694
72   -0.0321086
73   -0.0405933
74   -0.050122
75   -0.0548151
76   -0.0626497
77   -0.0715568
78   -0.0795573
79   -0.086113
80   -0.0928875
81   -0.100795
82   -0.109778
83   -0.117647
84   -0.122009
85   -0.130997
86   -0.139066
87   -0.147275
88   -0.154525
89   -0.159205
90   -0.168019
91   -0.176838
92   -0.184803
93   -0.19087
94   -0.19704
95   -0.203792
96   -0.214037
97   -0.22191
98   -0.228191
99   -0.234547
100   -0.239352
101   -0.249516
102   -0.257809
103   -0.266407
104   -0.272663
105   -0.277139
106   -0.283264
107   -0.291345
108   -0.300495
109   -0.31048
110   -0.318113
111   -0.323131
112   -0.328547
113   -0.331476
114   -0.339449
115   -0.346811
116   -0.357897
117   -0.369064
118   -0.378945
119   -0.388121
120   -0.393683
121   -0.397125
122   -0.398291
123   -0.396786
124   -0.394451
125   -0.390932
126   -0.38588
127   -0.382345
128   -0.375727
129   -0.372221
130   -0.365559
131   -0.361257
132   -0.355522
133   -0.350202
134   -0.345187
135   -0.339561
136   -0.334378
137   -0.329279
138   -0.323407
139   -0.31892
140   -0.312717
141   -0.308162
142   -0.302435
143   -0.29709
144   -0.292299
145   -0.286067
146   -0.281939
147   -0.275387
148   -0.2712
149   -0.265038
150   -0.260241
151   -0.25476
152   -0.249367
153   -0.244271
154   -0.238779
155   -0.23348
156   -0.228451
157   -0.222517
158   -0.218183
159   -0.211612
160   -0.207755
161   -0.200936
162   -0.197068
163   -0.190507
164   -0.186181
165   -0.180205
166   -0.175254
167   -0.169861
168   -0.164441
169   -0.15935
170   -0.153819
171   -0.148649
172   -0.143363
173   -0.137827
174   -0.132973
175   -0.126997
176   -0.122534
177   -0.116265
178   -0.111962
179   -0.105687
180   -0.101232
181   -0.0952577
182   -0.0903725
183   -0.084927
184   -0.079451
185   -0.0746209
186   -0.0685422
187   -0.0642684
188   -0.0577084
189   -0.0538186
190   -0.0469872
191   -0.0432475
192   -0.0363897
193   -0.0325561
194   -0.0259047
195   -0.0217636
196   -0.0155067
197   -0.0109
