2   0.00862631
3   0.0137171
4   0.0176856
5   0.0224278
6   0.026896
7   0.0310872
8   0.0361304
9   0.0398223
10   0.045028
11   0.04918
12   0.0532932
13   0.0587231
14   0.0620864
15   0.0672593
16   0.0717149
17   0.0757085
18   0.0806897
19   0.0849158
20   0.0895257
21   0.0935294
22   0.0989962
23   0.102381
24   0.107142
25   0.112759
26   0.11494
27   0.12164
28   0.125278
29   0.12872
30   0.135336
31   0.137918
32   0.143082
33   0.147984
34   0.151686
35   0.156605
36   0.16099
37   0.165528
38   0.169836
39   0.174281
40   0.179199
41   0.183183
42   0.187363
43   0.193308
44   0.195834
45   0.201282
46   0.206684
47   0.208804
48   0.215543
49   0.21903
50   0.223234
51   0.228375
52   0.232342
53   0.237358
54   0.240925
55   0.246317
56   0.250645
57   0.254328
58   0.259572
59   0.26441
60   0.267456
61   0.273086
62   0.277783
63   0.281026
64   0.286403
65   0.290905
66   0.2952
67   0.298999
68   0.304818
69   0.308348
70   0.312882
71   0.317552
72   0.32208
73   0.326893
74   0.329739
75   0.336568
76   0.339794
77   0.34348
78   0.349527
79   0.353501
80   0.357219
81   0.362362
82   0.366941
83   0.371294
84   0.375341
85   0.379976
86   0.385344
87   0.388713
88   0.393211
89   0.398164
90   0.403531
91   0.405554
92   0.411877
93   0.416619
94   0.419818
95   0.424938
96   0.429089
97   0.434562
98   0.437975
99   0.442486
100   0.447103
101   0.45274
102   0.455682
103   0.459835
104   0.466069
105   0.470051
106   0.473125
107   0.478787
108   0.483146
109   0.488047
110   0.4916
111   0.49604
112   0.501115
113   0.506297
114   0.509627
115   0.512969
116   0.520213
117   0.523436
118   0.527667
119   0.531396
120   0.537353
121   0.541363
122   0.546217
123   0.549468
124   0.553846
125   0.560166
126   0.564298
127   0.566869
128   0.571609
129   0.577018
130   0.581215
131   0.583847
132   0.587239
133   0.588733
134   0.592064
135   0.592705
136   0.589932
137   0.585206
138   0.581156
139   0.575189
140   0.565042
141   0.555365
142   0.544021
143   0.535729
144   0.528942
145   0.525156
146   0.518246
147   0.51322
148   0.508912
149   0.504011
150   0.496217
151   0.487574
152   0.478192
153   0.469264
154   0.464356
155   0.462009
156   0.457223
157   0.449333
158   0.439773
159   0.431069
160   0.422477
161   0.419044
162   0.415502
163   0.410725
164   0.400123
165   0.391446
166   0.381933
167   0.376213
168   0.371208
169   0.369046
170   0.362307
171   0.353391
172   0.343798
173   0.336518
174   0.328373
175   0.319913
176   0.313239
177   0.308448
178   0.30494
179   0.301513
180   0.298179
181   0.291181
182   0.281173
183   0.270008
184   0.25975
185   0.24655
186   0.229527
187   0.211614
188   0.196025
189   0.180554
190   0.162135
191   0.142557
192   0.124784
193   0.108736
194   0.0908874
195   0.0714765
196   0.0528344
197   0.0362383
