2   0.0125
3   0.01875
4   0.025
5   0.03125
6   0.0375
7   0.04375
8   0.0499999
9   0.0562495
10   0.0624983
11   0.0687447
12   0.0749838
13   0.0812036
14   0.0873748
15   0.0934315
16   0.0992379
17   0.104539
18   0.108902
19   0.111683
20   0.112071
21   0.109277
22   0.102902
23   0.0933819
24   0.0822342
25   0.0717458
26   0.063941
27   0.0592557
28   0.0559399
29   0.0511122
30   0.0431309
31   0.0333
32   0.0248175
33   0.0194042
34   0.0151595
35   0.00868857
36   -0.000506846
37   -0.0091764
38   -0.0148611
39   -0.0196629
40   -0.0271062
41   -0.0364027
42   -0.0436501
43   -0.0486035
44   -0.055219
45   -0.064357
46   -0.0720587
47   -0.0772729
48   -0.0840386
49   -0.0931797
50   -0.100509
51   -0.105858
52   -0.113496
53   -0.122513
54   -0.128876
55   -0.134878
56   -0.143697
57   -0.151672
58   -0.157322
59   -0.165071
60   -0.17399
61   -0.180189
62   -0.187012
63   -0.196154
64   -0.2031
65   -0.209436
66   -0.218463
67   -0.225983
68   -0.232167
69   -0.241052
70   -0.248888
71   -0.255094
72   -0.26395
73   -0.271864
74   -0.278181
75   -0.287145
76   -0.294923
77   -0.301451
78   -0.310605
79   -0.318056
80   -0.32497
81   -0.334261
82   -0.341264
83   -0.348819
84   -0.357995
85   -0.364622
86   -0.373033
87   -0.381662
88   -0.388313
89   -0.397508
90   -0.405206
91   -0.412567
92   -0.421939
93   -0.428802
94   -0.437314
95   -0.445666
96   -0.452022
97   -0.460072
98   -0.464529
99   -0.467528
100   -0.468025
101   -0.462722
102   -0.456551
103   -0.446744
104   -0.438474
105   -0.433875
106   -0.430455
107   -0.430428
108   -0.426181
109   -0.420007
110   -0.4128
111   -0.406521
112   -0.405295
113   -0.401624
114   -0.397144
115   -0.389594
116   -0.38422
117   -0.382431
118   -0.378001
119   -0.372905
120   -0.365427
121   -0.362942
122   -0.359595
123   -0.353839
124   -0.347893
125   -0.343506
126   -0.341552
127   -0.334423
128   -0.329604
129   -0.325454
130   -0.322452
131   -0.315615
132   -0.310787
133   -0.308193
134   -0.302434
135   -0.297113
136   -0.292727
137   -0.289954
138   -0.282422
139   -0.279279
140   -0.274941
141   -0.26996
142   -0.264042
143   -0.261672
144   -0.255648
145   -0.250469
146   -0.247253
147   -0.241985
148   -0.236523
149   -0.233054
150   -0.22835
151   -0.222162
152   -0.219666
153   -0.213633
154   -0.209021
155   -0.204986
156   -0.200303
157   -0.194359
158   -0.191994
159   -0.185116
160   -0.181683
161   -0.176977
162   -0.171883
163   -0.167199
164   -0.163649
165   -0.156961
166   -0.154553
167   -0.148285
168   -0.144168
169   -0.139915
170   -0.13454
171   -0.130236
172   -0.126028
173   -0.120198
174   -0.116991
175   -0.111262
176   -0.106817
177   -0.103001
178   -0.0966735
179   -0.0940784
180   -0.0875129
181   -0.0842432
182   -0.078884
183   -0.0743857
184   -0.0698389
185   -0.065171
186   -0.060185
187   -0.0563159
188   -0.0505306
189   -0.0471167
190   -0.0414489
191   -0.0372886
192   -0.0328774
193   -0.0272025
194   -0.0242471
195   -0.0174818
196   -0.0150202
197   -0.00847084
