2   0.00666865
3   0.011461
4   0.0140241
5   0.0159153
6   0.0191524
7   0.0242701
8   0.0280019
9   0.0300599
10   0.0329778
11   0.0367574
12   0.0405937
13   0.0441342
14   0.0480227
15   0.0505404
16   0.0516976
17   0.0569826
18   0.0629895
19   0.0647083
20   0.0666608
21   0.0690842
22   0.0729661
23   0.0790926
24   0.082019
25   0.0849362
26   0.0881027
27   0.0880168
28   0.0919154
29   0.0989382
30   0.103191
31   0.106434
32   0.109424
33   0.110976
34   0.110409
35   0.113476
36   0.120303
37   0.124226
38   0.131061
39   0.139216
40   0.141604
41   0.143238
42   0.144242
43   0.141729
44   0.136276
45   0.131757
46   0.12733
47   0.118394
48   0.112208
49   0.107133
50   0.0981706
51   0.0913419
52   0.0852519
53   0.0781787
54   0.0703288
55   0.063625
56   0.0576709
57   0.0496672
58   0.0431199
59   0.0359276
60   0.0295976
61   0.0232304
62   0.0143309
63   0.00915748
64   0.00305808
65   -0.00534649
66   -0.0122259
67   -0.0176016
68   -0.0242623
69   -0.0326522
70   -0.0383214
71   -0.0450282
72   -0.0510517
73   -0.0582389
74   -0.0664855
75   -0.0706012
76   -0.0773745
77   -0.0852321
78   -0.0920007
79   -0.0976105
80   -0.103528
81   -0.110501
82   -0.11804
83   -0.124822
84   -0.128565
85   -0.136285
86   -0.143415
87   -0.150131
88   -0.156396
89   -0.160411
90   -0.167986
91   -0.175567
92   -0.182202
93   -0.187268
94   -0.192581
95   -0.198416
96   -0.207038
97   -0.213774
98   -0.21877
99   -0.224281
100   -0.228333
101   -0.236954
102   -0.244044
103   -0.251019
104   -0.256269
105   -0.259904
106   -0.265101
107   -0.271962
108   -0.279697
109   -0.287914
110   -0.294296
111   -0.29816
112   -0.302694
113   -0.305039
114   -0.311693
115   -0.318029
116   -0.327157
117   -0.336632
118   -0.344644
119   -0.352185
120   -0.356546
121   -0.359106
122   -0.359724
123   -0.358166
124   -0.355742
125   -0.352591
126   -0.347852
127   -0.344671
128   -0.338719
129   -0.335426
130   -0.329592
131   -0.325511
132   -0.320521
133   -0.315588
134   -0.311144
135   -0.306044
136   -0.301371
137   -0.29677
138   -0.291514
139   -0.287379
140   -0.281933
141   -0.277635
142   -0.272687
143   -0.26766
144   -0.263516
145   -0.257778
146   -0.254113
147   -0.248209
148   -0.244389
149   -0.2389
150   -0.234517
151   -0.229607
152   -0.224758
153   -0.220105
154   -0.215256
155   -0.21035
156   -0.205957
157   -0.200479
158   -0.196673
159   -0.190691
160   -0.187226
161   -0.181115
162   -0.177557
163   -0.171738
164   -0.16774
165   -0.162441
166   -0.157918
167   -0.153079
168   -0.148218
169   -0.14356
170   -0.138687
171   -0.133883
172   -0.129285
173   -0.124121
174   -0.119917
175   -0.114376
176   -0.110486
177   -0.104732
178   -0.100929
179   -0.0952263
180   -0.0912346
181   -0.0858443
182   -0.0814396
183   -0.0765348
184   -0.0716046
185   -0.067233
186   -0.0617928
187   -0.0578812
188   -0.0520525
189   -0.0484423
190   -0.0424094
191   -0.0389023
192   -0.0328666
193   -0.0292669
194   -0.023411
195   -0.0195548
196   -0.0140205
197   -0.00979046
