2   0.00689456
3   0.0109308
4   0.0143033
5   0.0178141
6   0.021615
7   0.024978
8   0.0287439
9   0.0321189
10   0.0359515
11   0.0393539
12   0.0428562
13   0.0468601
14   0.0498311
15   0.0538975
16   0.0573671
17   0.0607122
18   0.0646345
19   0.0679885
20   0.0717358
21   0.0749578
22   0.0792368
23   0.0820676
24   0.0858278
25   0.0902965
26   0.0921063
27   0.0974452
28   0.100356
29   0.103086
30   0.108501
31   0.110402
32   0.11465
33   0.118618
34   0.121412
35   0.12554
36   0.128963
37   0.132593
38   0.136054
39   0.139681
40   0.14352
41   0.14673
42   0.150219
43   0.154754
44   0.156949
45   0.161288
46   0.165563
47   0.167271
48   0.172747
49   0.175487
50   0.178764
51   0.183124
52   0.18606
53   0.190193
54   0.193071
55   0.197344
56   0.200841
57   0.203731
58   0.208095
59   0.211786
60   0.214285
61   0.218927
62   0.222533
63   0.225108
64   0.22967
65   0.232994
66   0.236547
67   0.239692
68   0.244174
69   0.247199
70   0.250601
71   0.254619
72   0.258075
73   0.261883
74   0.264373
75   0.269718
76   0.272262
77   0.275284
78   0.280243
79   0.283193
80   0.286325
81   0.290486
82   0.294077
83   0.297563
84   0.300872
85   0.304552
86   0.308943
87   0.311429
88   0.315265
89   0.319259
90   0.323279
91   0.32519
92   0.330172
93   0.334012
94   0.336405
95   0.340775
96   0.343955
97   0.348382
98   0.351102
99   0.354688
100   0.358601
101   0.362886
102   0.36526
103   0.368781
104   0.373725
105   0.376766
106   0.379358
107   0.383962
108   0.387409
109   0.391271
110   0.394227
111   0.397679
112   0.402035
113   0.405845
114   0.408648
115   0.411415
116   0.417289
117   0.419661
118   0.423122
119   0.426292
120   0.430908
121   0.434269
122   0.437974
123   0.440698
124   0.444287
125   0.449407
126   0.452484
127   0.454653
128   0.458655
129   0.462917
130   0.466227
131   0.468447
132   0.471157
133   0.472624
134   0.475359
135   0.476041
136   0.473736
137   0.470607
138   0.467503
139   0.46304
140   0.454963
141   0.447582
142   0.438522
143   0.432097
144   0.426704
145   0.423437
146   0.417831
147   0.413994
148   0.410828
149   0.40695
150   0.400884
151   0.394027
152   0.386402
153   0.379321
154   0.375445
155   0.373606
156   0.369537
157   0.363461
158   0.355814
159   0.348953
160   0.34194
161   0.339316
162   0.336247
163   0.332319
164   0.323866
165   0.317021
166   0.309304
167   0.304585
168   0.300686
169   0.29887
170   0.293349
171   0.285977
172   0.278219
173   0.272133
174   0.265541
175   0.258941
176   0.253729
177   0.249731
178   0.246507
179   0.243689
180   0.240783
181   0.235026
182   0.226461
183   0.217431
184   0.208829
185   0.19829
186   0.184334
187   0.170144
188   0.157311
189   0.144974
190   0.130022
191   0.114626
192   0.100159
193   0.0872587
194   0.072778
195   0.0574901
196   0.0425037
197   0.0290753
