0   0
1   0.012585
2   0.0250203
3   0.0373085
4   0.0494516
5   0.061452
6   0.0733118
7   0.0850334
8   0.0966186
9   0.10807
10   0.119389
11   0.130579
12   0.14164
13   0.152576
14   0.163387
15   0.174077
16   0.184646
17   0.195098
18   0.205433
19   0.215653
20   0.225761
21   0.235757
22   0.245645
23   0.255425
24   0.265099
25   0.274669
26   0.284136
27   0.293504
28   0.30277
29   0.311941
30   0.321014
31   0.329993
32   0.338879
33   0.347673
34   0.356377
35   0.364993
36   0.37352
37   0.381963
38   0.39032
39   0.398593
40   0.406787
41   0.414898
42   0.42293
43   0.430886
44   0.438763
45   0.446565
46   0.454294
47   0.461948
48   0.46953
49   0.477045
50   0.484486
51   0.491859
52   0.499168
53   0.506409
54   0.513581
55   0.520693
56   0.527744
57   0.534729
58   0.541651
59   0.548517
60   0.555327
61   0.562075
62   0.56876
63   0.575391
64   0.581977
65   0.58851
66   0.594982
67   0.601389
68   0.607738
69   0.614043
70   0.620321
71   0.626583
72   0.632838
73   0.63909
74   0.64534
75   0.651591
76   0.657841
77   0.664091
78   0.670341
79   0.676591
80   0.682841
81   0.68909
82   0.69534
83   0.701586
84   0.707823
85   0.71402
86   0.720092
87   0.725796
88   0.73056
89   0.733215
90   0.731817
91   0.723911
92   0.707694
93   0.683988
94   0.657544
95   0.635284
96   0.620936
97   0.610515
98   0.595571
99   0.573445
100   0.551632
101   0.537101
102   0.524726
103   0.505732
104   0.483995
105   0.468757
106   0.455587
107   0.435771
108   0.415909
109   0.402547
110   0.386355
111   0.365462
112   0.350197
113   0.33573
114   0.315331
115   0.299015
116   0.284924
117   0.26493
118   0.24867
119   0.234275
120   0.214355
121   0.198996
122   0.183608
123   0.163974
124   0.149833
125   0.132631
126   0.114402
127   0.10061
128   0.0816188
129   0.0661695
130   0.0507438
131   0.0325162
132   0.0195731
133   0.00236863
134   -0.0112483
135   -0.0247571
136   -0.0400607
137   -0.0509537
138   -0.0662614
139   -0.076705
140   -0.089837
141   -0.101263
142   -0.111778
143   -0.124155
144   -0.132603
145   -0.14498
146   -0.152518
147   -0.163983
148   -0.171334
149   -0.181371
150   -0.188951
151   -0.19742
152   -0.205203
153   -0.212302
154   -0.220116
155   -0.226056
156   -0.23373
157   -0.238752
158   -0.246089
159   -0.250407
160   -0.257281
161   -0.261033
162   -0.267367
163   -0.270695
164   -0.276402
165   -0.27948
166   -0.284349
167   -0.28693
168   -0.289484
169   -0.28874
170   -0.28365
171   -0.27355
172   -0.257206
173   -0.242
174   -0.227629
175   -0.221745
176   -0.213049
177   -0.203887
178   -0.18833
179   -0.178163
180   -0.170912
181   -0.161629
182   -0.15009
183   -0.137764
184   -0.13284
185   -0.121789
186   -0.110676
187   -0.102601
188   -0.0942585
189   -0.0848489
190   -0.0737382
191   -0.068378
192   -0.0581945
193   -0.0475206
194   -0.0430837
195   -0.0317942
196   -0.0232258
197   -0.0180566
198   -0.00650509
199   0
