0   0
1   -0.0655812
2   -0.132867
3   -0.19828
4   -0.261214
5   -0.324219
6   -0.386962
7   -0.450076
8   -0.512865
9   -0.571475
10   -0.630694
11   -0.695485
12   -0.754504
13   -0.804894
14   -0.863305
15   -0.926115
16   -0.97489
17   -1.02051
18   -1.07729
19   -1.13076
20   -1.17471
21   -1.21957
22   -1.26468
23   -1.31051
24   -1.35772
25   -1.39362
26   -1.4228
27   -1.46002
28   -1.49254
29   -1.5095
30   -1.51738
31   -1.51447
32   -1.50814
33   -1.50882
34   -1.50544
35   -1.49946
36   -1.50265
37   -1.50907
38   -1.5199
39   -1.53265
40   -1.53171
41   -1.5246
42   -1.51988
43   -1.51558
44   -1.52068
45   -1.52827
46   -1.53086
47   -1.53936
48   -1.5484
49   -1.55413
50   -1.55511
51   -1.53881
52   -1.51666
53   -1.49781
54   -1.47563
55   -1.45292
56   -1.42299
57   -1.39158
58   -1.37026
59   -1.34582
60   -1.31824
61   -1.29061
62   -1.26424
63   -1.24536
64   -1.21974
65   -1.19137
66   -1.17056
67   -1.14877
68   -1.12694
69   -1.10122
70   -1.0791
71   -1.06278
72   -1.03801
73   -1.01584
74   -0.997475
75   -0.978222
76   -0.957822
77   -0.93524
78   -0.920558
79   -0.9014
80   -0.879344
81   -0.864184
82   -0.84652
83   -0.828517
84   -0.809387
85   -0.795209
86   -0.778965
87   -0.758702
88   -0.746615
89   -0.730089
90   -0.713109
91   -0.698585
92   -0.684811
93   -0.669336
94   -0.652974
95   -0.64285
96   -0.625858
97   -0.612144
98   -0.600966
99   -0.585928
100   -0.573029
101   -0.560871
102   -0.54925
103   -0.534067
104   -0.525246
105   -0.512115
106   -0.499052
107   -0.490401
108   -0.477143
109   -0.466505
110   -0.456078
111   -0.445917
112   -0.433405
113   -0.42602
114   -0.414051
115   -0.403948
116   -0.396381
117   -0.384245
118   -0.37658
119   -0.367105
120   -0.357794
121   -0.348643
122   -0.34163
123   -0.330452
124   -0.324624
125   -0.315207
126   -0.306632
127   -0.3005
128   -0.290831
129   -0.284366
130   -0.276816
131   -0.269048
132   -0.26196
133   -0.255903
134   -0.246798
135   -0.2429
136   -0.233554
137   -0.228787
138   -0.221856
139   -0.215188
140   -0.209685
141   -0.203442
142   -0.196904
143   -0.192474
144   -0.185136
145   -0.180852
146   -0.174953
147   -0.168983
148   -0.165169
149   -0.158226
150   -0.154762
151   -0.148853
152   -0.144198
153   -0.139848
154   -0.134575
155   -0.130386
156   -0.126139
157   -0.120775
158   -0.11814
159   -0.111885
160   -0.109828
161   -0.104085
162   -0.101244
163   -0.0969303
164   -0.0930285
165   -0.0897472
166   -0.0856684
167   -0.0822943
168   -0.0790849
169   -0.074886
170   -0.0727879
171   -0.0680127
172   -0.0663635
173   -0.0619012
174   -0.0597579
175   -0.0563986
176   -0.053249
177   -0.0511431
178   -0.0471654
179   -0.045851
180   -0.0416771
181   -0.0404586
182   -0.0367084
183   -0.0351026
184   -0.0320604
185   -0.0299838
186   -0.0275217
187   -0.0252218
188   -0.0229924
189   -0.0208145
190   -0.0184732
191   -0.0166251
192   -0.0140255
193   -0.0125028
194   -0.00974526
195   -0.00835145
196   -0.0056864
197   -0.00416054
198   -0.00185216
199   0
