0   0
1   0.0272044
2   0.0637825
3   0.10664
4   0.146458
5   0.17596
6   0.195994
7   0.22264
8   0.264711
9   0.308177
10   0.344218
11   0.369991
12   0.385705
13   0.411137
14   0.445892
15   0.472551
16   0.507891
17   0.554598
18   0.591817
19   0.625261
20   0.649059
21   0.657215
22   0.670072
23   0.676424
24   0.665375
25   0.658352
26   0.655771
27   0.647307
28   0.632146
29   0.619297
30   0.615333
31   0.601401
32   0.582456
33   0.575727
34   0.563485
35   0.545942
36   0.533011
37   0.51971
38   0.506307
39   0.487676
40   0.472696
41   0.461843
42   0.440541
43   0.423357
44   0.41078
45   0.392149
46   0.372388
47   0.354024
48   0.341251
49   0.32014
50   0.294888
51   0.28291
52   0.264648
53   0.239399
54   0.219254
55   0.20292
56   0.183681
57   0.156318
58   0.136308
59   0.116807
60   0.093322
61   0.0729636
62   0.0460347
63   0.0247595
64   0.00825988
65   -0.0141723
66   -0.0397161
67   -0.0615464
68   -0.0755963
69   -0.0967498
70   -0.117534
71   -0.13819
72   -0.160588
73   -0.172301
74   -0.188959
75   -0.210509
76   -0.231186
77   -0.248093
78   -0.26225
79   -0.275813
80   -0.290245
81   -0.314031
82   -0.330357
83   -0.344526
84   -0.3575
85   -0.365545
86   -0.382091
87   -0.400246
88   -0.418612
89   -0.433824
90   -0.446062
91   -0.451676
92   -0.460159
93   -0.471885
94   -0.483843
95   -0.50557
96   -0.522349
97   -0.540599
98   -0.555166
99   -0.562622
100   -0.566929
101   -0.566301
102   -0.561174
103   -0.554264
104   -0.546808
105   -0.534628
106   -0.527504
107   -0.514672
108   -0.505267
109   -0.49555
110   -0.483667
111   -0.475446
112   -0.464361
113   -0.454956
114   -0.445643
115   -0.436164
116   -0.426259
117   -0.418915
118   -0.407559
119   -0.40135
120   -0.390914
121   -0.383138
122   -0.375447
123   -0.36584
124   -0.359562
125   -0.350353
126   -0.343301
127   -0.335731
128   -0.327987
129   -0.32078
130   -0.314163
131   -0.305704
132   -0.300949
133   -0.291619
134   -0.287356
135   -0.278975
136   -0.273519
137   -0.26706
138   -0.260354
139   -0.254947
140   -0.248368
141   -0.242505
142   -0.23712
143   -0.230353
144   -0.225803
145   -0.219064
146   -0.214108
147   -0.20858
148   -0.202438
149   -0.198352
150   -0.191397
151   -0.187894
152   -0.181198
153   -0.177201
154   -0.171561
155   -0.166694
156   -0.162033
157   -0.156789
158   -0.152329
159   -0.147555
160   -0.142519
161   -0.138754
162   -0.132932
163   -0.130048
164   -0.123852
165   -0.121215
166   -0.115351
167   -0.112295
168   -0.107294
169   -0.103486
170   -0.0994297
171   -0.0950064
172   -0.0915721
173   -0.0869802
174   -0.083663
175   -0.0793698
176   -0.0757816
177   -0.0720512
178   -0.0680721
179   -0.0648633
180   -0.0606599
181   -0.0577008
182   -0.0536099
183   -0.0505324
184   -0.046895
185   -0.0434056
186   -0.0404416
187   -0.0364033
188   -0.0341415
189   -0.0296207
190   -0.0279079
191   -0.0231205
192   -0.0216811
193   -0.0169349
194   -0.0154448
195   -0.0110501
196   -0.00921851
197   -0.0054261
198   -0.00304677
199   0
