0   0
1   0.0169987
2   0.0469868
3   0.0664525
4   0.0851774
5   0.107626
6   0.126743
7   0.151792
8   0.16939
9   0.185663
10   0.211827
11   0.228364
12   0.247792
13   0.269871
14   0.28144
15   0.306456
16   0.329444
17   0.337593
18   0.357767
19   0.381176
20   0.39893
21   0.413251
22   0.42654
23   0.450253
24   0.469862
25   0.481969
26   0.497937
27   0.514295
28   0.533732
29   0.552488
30   0.566799
31   0.577132
32   0.593065
33   0.619004
34   0.631449
35   0.641885
36   0.659608
37   0.669602
38   0.690218
39   0.712527
40   0.720944
41   0.730634
42   0.745439
43   0.762208
44   0.778813
45   0.799781
46   0.810995
47   0.814645
48   0.830557
49   0.843742
50   0.860996
51   0.883634
52   0.897655
53   0.907927
54   0.913606
55   0.922137
56   0.932245
57   0.94718
58   0.969068
59   0.991377
60   1.01234
61   1.02635
62   1.04182
63   1.04482
64   1.03988
65   1.04025
66   1.02822
67   1.01426
68   1.00263
69   0.98877
70   0.971058
71   0.954627
72   0.940223
73   0.922749
74   0.905661
75   0.885862
76   0.873369
77   0.854116
78   0.832452
79   0.819142
80   0.799899
81   0.781166
82   0.76102
83   0.744021
84   0.726647
85   0.70544
86   0.684143
87   0.668187
88   0.649566
89   0.625918
90   0.607628
91   0.586674
92   0.569973
93   0.54603
94   0.523485
95   0.50663
96   0.485716
97   0.464514
98   0.440305
99   0.420002
100   0.401017
101   0.379046
102   0.353211
103   0.332566
104   0.311211
105   0.293115
106   0.269392
107   0.245252
108   0.226879
109   0.207076
110   0.190855
111   0.16734
112   0.146657
113   0.128089
114   0.112426
115   0.0963148
116   0.0772559
117   0.0559933
118   0.03937
119   0.0234593
120   0.0114403
121   -0.00450992
122   -0.0230803
123   -0.0403912
124   -0.0583174
125   -0.0684619
126   -0.0815354
127   -0.0921449
128   -0.108492
129   -0.125316
130   -0.142019
131   -0.155941
132   -0.166308
133   -0.173995
134   -0.183309
135   -0.192394
136   -0.207736
137   -0.222014
138   -0.240446
139   -0.25532
140   -0.268961
141   -0.278891
142   -0.28389
143   -0.287275
144   -0.285272
145   -0.283424
146   -0.278013
147   -0.27284
148   -0.266608
149   -0.259732
150   -0.253542
151   -0.246262
152   -0.239891
153   -0.233166
154   -0.226187
155   -0.220454
156   -0.21279
157   -0.207926
158   -0.199942
159   -0.195431
160   -0.187704
161   -0.182983
162   -0.175981
163   -0.170717
164   -0.164586
165   -0.15881
166   -0.15335
167   -0.147373
168   -0.142192
169   -0.136424
170   -0.13113
171   -0.125882
172   -0.120257
173   -0.115628
174   -0.109681
175   -0.105548
176   -0.099485
177   -0.0955705
178   -0.0896946
179   -0.0856843
180   -0.0802839
181   -0.0759224
182   -0.07119
183   -0.0663461
184   -0.0623357
185   -0.0570165
186   -0.0536536
187   -0.0479811
188   -0.0450937
189   -0.0392651
190   -0.0366336
191   -0.0308673
192   -0.0282711
193   -0.0227723
194   -0.0200166
195   -0.014952
196   -0.0118926
197   -0.00737174
198   -0.00392152
199   0
